0 0.235114 0.256906 0.052866 0.071823
0 0.244574 0.390292 0.048414 0.073402
0 0.299388 0.404893 0.054535 0.082084
0 0.256539 0.613260 0.084585 0.094712
0 0.180857 0.626677 0.079021 0.082084
0 0.468280 0.636543 0.057318 0.086030
0 0.489983 0.140884 0.108514 0.119179
1 0.076238 0.516575 0.050083 0.112865
1 0.593489 0.300710 0.021703 0.143646
1 0.590150 0.494870 0.023929 0.135754
1 0.589872 0.724546 0.027824 0.175217
1 0.926822 0.892660 0.040623 0.050513
0 0.779633 0.385951 0.075682 0.113654
0 0.833333 0.782163 0.076238 0.096290
0 0.829994 0.932912 0.067334 0.107340
