0 0.509160 0.150646 0.053435 0.043042
0 0.335878 0.238881 0.042748 0.044476
0 0.383969 0.203730 0.050382 0.037303
0 0.418321 0.233142 0.027481 0.041607
0 0.303053 0.568149 0.041221 0.043042
0 0.251908 0.645624 0.045802 0.034433
0 0.248092 0.679340 0.041221 0.027260
0 0.487023 0.755380 0.045802 0.041607
0 0.475573 0.842181 0.056489 0.037303
0 0.652672 0.603300 0.044275 0.041607
0 0.732061 0.603300 0.050382 0.044476
0 0.736641 0.639885 0.068702 0.037303
1 0.128244 0.886657 0.048855 0.031564
1 0.256489 0.890961 0.054962 0.037303
1 0.436641 0.884505 0.045802 0.021521
1 0.351908 0.885940 0.068702 0.024390
1 0.535115 0.831420 0.010687 0.061693
1 0.874809 0.555237 0.009160 0.034433
1 0.878626 0.623386 0.022901 0.041607
1 0.873282 0.682209 0.033588 0.035868
1 0.875573 0.761836 0.029008 0.045911
1 0.266412 0.352941 0.053435 0.025825
1 0.140458 0.347920 0.051908 0.021521
1 0.082443 0.286227 0.030534 0.093257
1 0.187023 0.128407 0.025954 0.139168
1 0.135878 0.198709 0.054962 0.027260
1 0.235115 0.042324 0.064122 0.024390
1 0.466412 0.039455 0.065649 0.032999
1 0.545038 0.304878 0.024427 0.030129
1 0.457252 0.344333 0.080916 0.040172
0 0.363359 0.362984 0.067176 0.060258
0 0.351908 0.900287 0.044275 0.047346
0 0.359542 0.580344 0.047328 0.053085
1 0.461069 0.577475 0.058015 0.038737
0 0.421374 0.670014 0.054962 0.054519
0 0.370229 0.773314 0.047328 0.022956
0 0.304580 0.774032 0.032061 0.044476
0 0.170229 0.171449 0.053435 0.050215
