0 0.170229 0.177188 0.053435 0.050215
0 0.336641 0.243902 0.038168 0.043042
0 0.384733 0.202296 0.039695 0.043042
0 0.419084 0.142755 0.044275 0.038737
0 0.506870 0.149211 0.042748 0.028694
0 0.416794 0.238164 0.030534 0.040172
0 0.283969 0.597561 0.036641 0.041607
0 0.303053 0.564562 0.038168 0.041607
0 0.251908 0.644189 0.042748 0.031564
0 0.253435 0.675753 0.048855 0.037303
0 0.419847 0.687948 0.048855 0.044476
0 0.481679 0.752511 0.041221 0.038737
0 0.474046 0.835007 0.041221 0.048780
0 0.717557 0.599713 0.054962 0.045911
0 0.725191 0.635581 0.045802 0.025825
0 0.353435 0.896700 0.035115 0.048780
1 0.081679 0.277618 0.025954 0.084648
1 0.187786 0.112626 0.030534 0.107604
1 0.235878 0.040890 0.056489 0.018651
1 0.467939 0.039455 0.062595 0.024390
1 0.138168 0.349354 0.050382 0.018651
1 0.265649 0.342898 0.039695 0.031564
1 0.459542 0.346485 0.070229 0.032999
1 0.545038 0.315638 0.048855 0.051650
1 0.356489 0.578192 0.062595 0.025825
1 0.463359 0.582496 0.071756 0.040172
1 0.255725 0.888092 0.050382 0.031564
1 0.135115 0.885222 0.047328 0.034433
1 0.446565 0.884505 0.053435 0.032999
1 0.874809 0.548063 0.021374 0.031564
1 0.877863 0.625538 0.027481 0.045911
1 0.872519 0.691535 0.019847 0.043042
1 0.871756 0.755380 0.018321 0.044476
0 0.651908 0.608321 0.036641 0.051650
