0 0.066925 0.398968 0.067895 0.089971
0 0.294374 0.388643 0.045587 0.084071
0 0.413676 0.474189 0.051406 0.087021
0 0.306499 0.780236 0.067895 0.109145
0 0.393792 0.637168 0.050436 0.100295
0 0.403977 0.777286 0.076625 0.106195
0 0.847236 0.414454 0.043647 0.085546
0 0.878274 0.524336 0.045587 0.084071
0 0.850145 0.636431 0.053346 0.078171
0 0.810863 0.742625 0.052376 0.075221
0 0.724539 0.795723 0.054316 0.078171
0 0.637730 0.640118 0.059166 0.097345
0 0.591659 0.628319 0.065955 0.117994
1 0.495635 0.226401 0.081474 0.060472
1 0.637730 0.153392 0.196896 0.070796
1 0.136275 0.516224 0.099903 0.023599
1 0.532978 0.166667 0.018429 0.088496
1 0.231329 0.309735 0.018429 0.076696
1 0.877789 0.873894 0.079534 0.028024
1 0.510184 0.875369 0.098933 0.036873
1 0.668768 0.873156 0.072745 0.029499
1 0.775946 0.873156 0.050436 0.038348
1 0.879243 0.138643 0.092144 0.023599
