1 0.241071 0.232625 0.057540 0.083012
0 0.505952 0.225869 0.079365 0.077220
0 0.567460 0.233591 0.059524 0.073359
0 0.550595 0.557915 0.085317 0.073359
0 0.562500 0.454633 0.081349 0.083012
0 0.617063 0.401544 0.051587 0.057915
0 0.683532 0.376448 0.093254 0.061776
0 0.680556 0.451737 0.055556 0.057915
0 0.678571 0.501931 0.071429 0.057915
0 0.743056 0.279923 0.061508 0.073359
0 0.684524 0.805985 0.079365 0.063707
0 0.693452 0.947876 0.089286 0.084942
0 0.773810 0.944981 0.083333 0.094595
0 0.941468 0.584942 0.061508 0.081081
1 0.266865 0.527027 0.331349 0.050193
1 0.053571 0.167954 0.027778 0.111969
1 0.428571 0.045367 0.107143 0.040541
1 0.610119 0.042471 0.125000 0.038610
1 0.781746 0.042471 0.126984 0.042471
1 0.917659 0.351351 0.029762 0.069498
1 0.915675 0.466216 0.037698 0.075290
1 0.587302 0.694015 0.027778 0.179537
