0 0.246522 0.251381 0.054535 0.067088
0 0.240957 0.392265 0.055648 0.074191
0 0.296884 0.400552 0.065109 0.084451
0 0.250696 0.591949 0.072899 0.099448
0 0.190595 0.641279 0.087368 0.106551
0 0.466055 0.633781 0.046188 0.083662
0 0.481636 0.128650 0.109627 0.112076
0 0.779076 0.372534 0.074569 0.113654
0 0.835559 0.768745 0.065109 0.123125
0 0.828047 0.938832 0.070117 0.106551
1 0.074012 0.519732 0.034502 0.117601
1 0.226210 0.741515 0.016138 0.098658
1 0.591263 0.728493 0.032832 0.187845
1 0.590707 0.502762 0.023929 0.121547
1 0.588203 0.301500 0.031163 0.148382
1 0.927101 0.892660 0.042293 0.056827
