0 0.336441 0.301287 0.048174 0.060338
0 0.157731 0.294449 0.051282 0.046661
0 0.215618 0.173371 0.048951 0.050684
0 0.288267 0.163315 0.038850 0.045052
0 0.682595 0.233709 0.066045 0.053902
0 0.093629 0.397828 0.031857 0.068383
0 0.774670 0.238134 0.041958 0.046661
0 0.779332 0.342719 0.054390 0.056315
0 0.459984 0.806114 0.065268 0.048270
1 0.374514 0.665728 0.037296 0.037812
1 0.488733 0.914722 0.062160 0.025744
1 0.339549 0.472245 0.124320 0.025744
1 0.155400 0.112228 0.059052 0.012068
1 0.555167 0.295253 0.014763 0.070796
1 0.938617 0.294449 0.015540 0.098150
