0 0.285159 0.168142 0.038850 0.048270
0 0.096737 0.380531 0.048951 0.099759
0 0.343434 0.300483 0.052836 0.073210
0 0.166278 0.283990 0.062160 0.032180
0 0.692308 0.238938 0.063714 0.057924
0 0.761072 0.234111 0.028749 0.032180
1 0.339938 0.462188 0.137529 0.036203
1 0.146465 0.107804 0.087801 0.022526
1 0.939782 0.290829 0.011655 0.106999
1 0.685315 0.475865 0.059052 0.018504
0 0.601787 0.355591 0.039627 0.049879
1 0.368687 0.668142 0.027195 0.060338
0 0.447552 0.755028 0.037296 0.049075
0 0.459207 0.810137 0.046620 0.057924
