1 0.152681 0.108206 0.069153 0.021722
1 0.347708 0.472647 0.151515 0.024940
1 0.452991 0.194288 0.020202 0.113435
1 0.554002 0.292840 0.017094 0.064360
1 0.683761 0.481899 0.062160 0.019308
1 0.940948 0.293644 0.021756 0.109413
1 0.372183 0.666533 0.032634 0.037812
0 0.334887 0.297667 0.052836 0.046661
0 0.211733 0.361625 0.061383 0.066774
0 0.094017 0.377313 0.054390 0.090105
0 0.170552 0.289622 0.053613 0.038616
0 0.293318 0.168142 0.050505 0.041834
0 0.702020 0.237731 0.083139 0.069992
0 0.609557 0.363234 0.067599 0.058729
0 0.772727 0.224859 0.028749 0.063556
0 0.457653 0.775141 0.051282 0.116653
